list="276192
782
494667
423108
311436
249733
599760
101232
250976
113812
39024
126841
36103
47232
137034
36384
445221
6533
46011
91676
96473
551087
70794
591737
114390
317850
355718
280296
513174
155705
11610
472290
333808
263862
30158
230300
11534
337824
89543
215404
73023
596130
198550
181828
518632
232068
54264
199899
209081
251683
161568
232218
648720
87584
22536
657237
370260
301086
46208
49824
308580
454059
221628
463890
123265
719304
45530
219011
239056
212724
129381
86978
699380
99036
858450
135073
661
529522
57216
72300
261927
438656
154112
50058
394095
482160
295065
8497
1724
853452
76625
31755
341964
42238
106887
41118
551457
37500
36828
1936
453583
98915
263145
31500
14063
15179
687356
130752
100269
198030
373368
174272
841786
34650
450778
117414
60047
823302
152000
868875
450816
695360
51207
93795
239267
660
625338
225990
29535
36801
2737
150480
266476
212058
180432
399455
558272
165240
473445
180670
9709
23519
29400
341040
102676
446299
586092
97464
117362
578344
830494
557036
128443
242375
23616
669060
147112
187706
96300
273494
120523
125244
21840
36192
6790
185300
135296
192814
724240
174896
34176
126869
14364
132258
39061
149142
38115
21637
13248
205758
152280
123848
32572
301692
410984
950525
20
99470
121394
679728
50274
72720
296320
11605
187395
282924
368424
49608
202905
162945
8316
114600
139425
44737
285147
36040
97290
676782
165186
325864
215730
150220
593616
225552
7740
48160
113708
148800
718960
102816
38976
814500
3456
104118
112547
32550
308616
71316
58904
25230
358020
501552
62456
117800
127959
313600
50028
435960
116736
9108
71337
299676
836404
481896
168544
557784
45732
76494
615880
926585
691288
818296
701910
50246
7590
332621
348975
36815
580254
69576
4740
21248
146432
3333
6440
40710
25792
14212
546448
26460
207200
410943
36740
98256
425038
3700
119232
148248
106926
30030
719440
18681
26406
5750
874176
57717
303030
558272
744861
187068
356648
489027
57536
11775
153686
160336
6300
286143
471165
170208
137846
239750
621082
476690
26386
189210
32870
716184
133630
291404
124416
473620
95445
89775
22278
533995
322599"

x=0
for l in list; do
  x=$((x+l))
done
echo $x
